9.2575 -2.9242 908.88
20.411 6.2353 884.37
30.11 10.622 885.34
24.437 -17.706 929.76
21.86 17.116 874.43
-1.7039 -3.8098 916.6
16.737 -4.8407 910.57
10.527 -4.9743 914.54
-2.479 54.322 858.17
29.821 3.5191 884.97
-10.429 45.781 870.58
-7.1597 37.036 883.1
18.542 37.288 862.96
-4.5899 24.378 891.45
0.54252 -2.5396 911.99
8.046 41.327 861.86
28.094 20.231 875.26
26.744 18.063 876.42
-3.1633 58.084 860.39
-21.643 29.057 889.34
-16.917 53.973 864.06
7.0949 5.3096 895.27
8.7605 5.3195 894.88
-6.9469 35.363 885.51
5.0272 23.365 889.17
1.9475 52.007 852.67
17.001 44.716 857.19
24.034 -8.7931 918.71
-18.152 30.894 887.73
-13.009 34.032 885.47
-24.899 33.824 887.31
10.98 -10.323 924.93
-4.8978 15.218 895.76
25.715 -4.4129 898.98
20.828 28.398 866.92
-15.793 17.254 897.71
12.934 5.7304 890.52
19.011 11.433 880.16
5.9788 12.005 892.57
29.433 7.8799 884.22
-23.978 34.813 887.16
15.246 -2.8442 903.25
6.2812 16.496 891.9
25.01 17.291 875.43
-21.867 26.455 894.2
-10.106 65.666 857.72
-5.6864 22.342 892.47
-0.95347 46.846 875.39
17.152 21.692 871.72
-3.627 63.523 852.94
8.1387 47.495 856.09
-18.51 27.925 889.58
0.2849 6.004 900.3
11.418 10.851 888.01
4.4908 1.9892 902.74
13.602 -7.3038 919.86
-9.3272 61.266 859.75
4.8068 59.123 854.02
-4.1557 46.859 873.46
1.0988 3.2264 902.51
10.042 -6.8349 920.9
28.996 6.3492 883.81
18.963 -15.196 933.89
-25.487 36.683 886.54
12.101 18.847 882.62
-21.402 40.564 879.43
-14.599 12.237 902.69
13.161 -11.81 925.9
-4.4619 47.098 873.92
-3.6617 -1.4726 913.94
-18.044 55.592 866.09
11.568 -14.71 927.79
15.675 -13.594 927.44
-2.0525 51.511 859.81
-12.122 0.97143 912.98
-17.238 21.404 894.25
-2.9124 63.493 852.27
-22.715 49.819 870.42
12.972 37.288 861.29
-17.698 33.832 886.63
25.299 20.268 872.56
-20.403 19.278 897.2
26.078 10.067 880.6
26.72 -2.0607 894.03
26.495 -16.711 926.21
4.0661 36.989 883.24
23.388 5.1059 885.26
16.966 -10.846 925.32
-5.7064 67.684 858.36
26.725 4.2886 885.6
2.8198 -2.625 910.02
11.761 -5.195 914.92
19.629 -7.8575 918.82
22.752 6.7365 883.21
-19.43 37.835 881.25
9.9049 11.325 890.57
10.262 12.715 891.4
4.6155 -1.292 907.66
-6.6818 61.48 862.51
18.486 15.602 876.29
24.861 -4.3168 900.54
-12.904 44.326 874.42
26.55 7.353 883.25
19.106 15.29 876.21
-20.353 22.741 893.67
27.815 -1.637 895.16
-11.325 18.972 894.9
20.319 16.506 874.89
-16.873 37.788 881.2
8.9122 31.419 875.89
-6.0476 67.635 859.3
-0.43616 32 887.57
-23.77 31.306 889.94
-4.289 25.952 890.82
3.7218 -1.9101 909.4
19.736 31.731 865.8
16.399 -1.7652 898.14
0.52749 34.998 884.24
3.2709 -6.432 920.98
26.677 -5.8382 900.55
14.158 7.2061 887.4
-0.3136 -7.1737 919.58
-18.961 59.815 864.59
-16.986 48.36 866.67
-7.1512 21.271 892.89
22.377 20.719 871.44
-6.0373 7.217 901.74
-14.127 46.955 869.02
14.272 -4.4722 912.22
25.264 -5.594 905.51
-4.347 46.485 874.76
-12.339 46.756 868.91
-8.8472 18.057 894.77
25.379 -3.3358 898.08
-6.2213 0.57407 912.04
-4.872 24.686 891.46
-1.4864 55.389 854.45
2.2881 -4.6193 916.56
-4.6846 46.449 874.59
-6.8469 43.61 873.89
25.492 -10.628 920.35
11.147 22.299 878.1
-13.186 7.2997 908.62
10.003 -5.5238 915.92
-8.3861 63.096 860.68
-11.256 8.2524 908.27
-18.788 18.144 896.97
-3.6612 57.887 855.8
16.168 -1.3053 897.21
9.1685 21.539 887.75
-21.707 31.223 889.33
-24.455 42.382 879.89
7.8 37.98 863.02
9.7057 36.495 864.06
10.213 -1.647 904.97
-10.516 68.379 856.88
25.524 -0.36863 889.26
-23.123 23.275 897.17
12.63 -3.0407 908.45
22.114 28.912 867.71
15.655 -14.737 931.85
-1.1318 18.141 894.44
11.199 39.467 860.18
-20.253 49.478 872.14
5.6874 37.504 869.45
15.45 20.842 873.46
-7.9481 54.497 865.63
-14.513 15.813 899.05
20.137 12.078 878.46
8.9991 39.731 861.37
5.3259 51.228 851.47
-1.8089 69.266 852.11
-19.136 27.195 890.21
-17.028 60.495 863.69
-5.0041 6.1725 902.23
22.581 -16.139 936.03
24.446 23.495 871.48
-1.9682 54.739 855.2
-14.314 14.672 900.15
8.96 35.489 865.29
-17.009 21.313 894.66
-21.546 34.469 883.93
15.793 34.101 863.35
-9.9311 61.227 859.2
9.9388 33.039 866.8
-1.679 50.897 870.75
20.331 2.5358 887.63
27.758 -9.9718 911.64
-18.03 56.176 866.1
-2.9646 17.283 894.74
18.291 2.5164 888.87
12.325 -13.696 927.61
2.5453 41.213 879.52
7.4558 34.307 881.33
26.037 -19.505 933.02
19.555 -2.7703 899.16
6.3908 38.909 863.35
29.322 -7.1973 899.59
-24.436 38.425 883.27
2.2685 1.0233 904.76
1.9499 37.603 882.88
-2.4151 9.327 899.44
-14.813 36 883.63
0.42509 -6.9902 919.42
-7.7205 51.036 866.73
16.496 2.051 891.06
-9.0472 19.385 894.1
0.91737 20.236 892.42
27.772 20.842 874.91
-13.779 19.012 896.16
18.131 18.04 874.2
13.642 24.736 871.02
16.046 -14.279 931.04
12.808 28.256 867.64
11.282 20.043 880.46
12.659 20.179 876.07
-2.829 24.724 891.59
23.327 -3.9849 899.85
11.515 46.475 855.92
12.754 8.9184 887.2
3.5257 45.555 859.7
18.497 35.806 862.32
8.7872 -5.2269 915.17
18.675 39.64 860.88
24.062 7.0736 881.79
-18.426 28.17 890.05
-0.42863 45.336 876.85
27.101 -18.267 926.26
9.498 31.998 867.93
-10.195 9.5789 902.12
-1.4527 14.693 896.57
-24.096 30.342 889.34
22.964 9.4482 881.04
25.68 -11.006 913.81
-16.642 49.558 865.29
4.7266 -13.621 922.55
19.184 -10.796 925.11
-5.37 49.778 870.59
-8.0468 1.2459 912.24
0.33591 32.674 887.33
-17.912 13.577 903.76
23.828 -2.5419 896.72
-8.7792 56.635 862.86
4.5571 3.5271 900.52
1.1563 49.664 867.03
-3.8577 0.43336 908.86
-17.768 36.508 882.53
-2.0406 69.97 853.12
-20.016 41.684 877.82
-11.924 4.2176 911.7
12.121 21.535 875.08
30.166 14.443 881.32
10.315 -1.2823 902.87
-16.351 36.849 882.15
26.346 20.13 873.75
9.0086 -0.39459 902.91
-3.4326 30.574 888.66
-21.073 44.83 875.45
19.731 -6.7078 916.21
20.908 -4.0775 902.27
16.524 21.681 871.26
8.1442 21.221 886.25
-20.121 34.94 886.07
4.3589 45.636 859.14
-19.145 37.78 883.08
11.1 31.379 867.38
5.1438 -5.8964 920.11
17.132 31.28 865.28
-5.6446 14.332 896.21
-4.2936 23.77 891.77
1.6455 3.6079 902.02
8.4377 28.049 884.63
11.425 16.618 886.41
6.4212 38.916 872.92
23.833 24.609 871.36
26.529 -7.81 905.67
-3.7258 34.405 886.05
-10.025 2.9091 911.82
-8.2909 38.778 880.92
-2.8772 63.048 856.42
29.144 1.708 890.72
23.493 -16.318 935.72
-2.6851 61.454 863.07
24.083 3.7675 886.79
26.392 -8.9963 911.85
-9.5621 35.213 885.5
8.1274 22.936 885.46
-2.6894 20.153 893.56
-10.533 1.3848 911.27
23.383 10.457 880.12
3.1838 53.45 854.81
-7.5504 20.818 893.84
-25.945 28.899 888.9
14.46 19.525 874.53
-17.955 49.321 863.78
-5.2058 -0.069234 911.42
11.48 -9.7465 924.2
2.0693 47.445 869.4
-5.0459 49.73 871.19
-13.343 53.245 862.94
14.32 -6.4995 917.31
10.689 0.39222 900.06
24.907 10.27 880.54
-1.2872 65.586 851.16
0.43137 31.04 886.93
15.085 -3.3506 905.64
-0.64957 48.895 859.85
-8.6108 -2.8186 911.64
2.427 36.879 882.08
23.506 -0.067323 890.43
10.861 29.906 867.82
-3.7245 51.679 870.11
10.606 12.031 888.28
1.333 46.596 860.92
24.302 -17.777 931.05
4.3448 30.23 885.89
-16.616 36.345 882.93
-3.5216 19.673 893.92
-6.2349 11.853 897.85
23.918 27.485 869.52
3.2429 45.792 868.7
-10.745 25.948 891.44
-17.796 37.211 880.52
5.2187 51.917 854.39
-4.7252 0.94858 908.6
-4.7984 3.7598 904.36
0.51931 57.152 854.31
-11.732 25.569 891.01
4.9454 35.451 879.78
-2.7098 62.469 856.79
-15.376 56.764 864.33
-3.946 47.397 873.17
2.16 57.92 854.96
-22.857 45.924 877.87
-1.4559 2.2653 903.99
1.3891 47.859 857.57
13.671 23.214 871.44
23.359 -4.482 902.31
18.755 10.712 879.54
-9.484 4.9548 907.27
26.625 -13.9 919.64
-11.988 9.883 903.16
21.437 22.958 870.79
-0.82198 3.6093 902.84
-0.47361 57.736 852.56
25.97 -14.001 921.35
-0.22768 9.6606 898.86
-15.101 22.725 893.19
30.38 -11.763 911.17
15.842 -0.13028 895.02
-1.0201 17.496 894.48
10.809 8.0866 892.23
-0.46579 28.096 888.91
6.4156 2.4835 900.78
-16.347 23.491 893.2
23.537 -9.9652 917.1
-20.515 15.459 903.24
-0.49038 38.044 883.93
-11.481 55.571 861.11
17.997 38.768 860.53
3.9029 7.2437 897.82
22.283 -3.5399 899.15
-18.939 9.9544 907.31
-20.341 30.056 890.03
2.2393 46.825 870.25
26.285 -3.7357 899.21
12.26 13.317 884.43
-0.22459 27.319 889.25
14.425 -4.2812 910.9
-3.073 57.786 856.62
24.111 -11.864 920.95
24.335 -7.1546 907.67
-19.685 40.267 880.75
11.752 19.26 879.9
18.518 -4.3988 907.15
7.4001 36.65 878.7
0.74449 37.161 882.78
0.96754 15.058 894.84
12.584 -0.31857 900.29
-16.159 41.231 877.5
4.1654 7.1758 898.72
8.6555 18.343 888.88
14.432 7.9624 889.02
7.2032 -4.4195 913.33
18.946 31.122 865.69
-2.1054 41.339 879.78
15.702 -0.37695 896.03
-0.61132 2.3605 904.57
20.529 -13.948 932.45
28.085 -1.8699 891.44
-5.6766 43.414 875.95
0.32907 21.328 893.37
-18.14 14.386 904.52
24.694 -4.7965 899.8
14.821 20.707 872.39
-8.9668 63.075 860.76
13.019 -11.159 925.5
-22.442 40.475 879.97
-17.682 13.638 902.87
10.638 30.45 868.65
-18.163 46.69 872.17
-13.693 30.829 887.65
-17.206 49.089 864.37
-16.172 27.936 890.06
-5.9815 68.495 858.45
6.436 39.871 862.45
20.443 36.234 865.95
19.744 -4.4899 904.57
-1.1286 22.827 891.93
-15.578 55.441 863.56
-23.354 21.561 896.33
-7.0537 43.072 874.66
13.594 10.892 887.56
-16.591 32.624 886.25
4.2604 4.1515 899.86
-6.6103 38.017 881.87
17.55 38.491 860.92
11.492 3.0032 896.7
0.068451 9.6505 898.8
20.289 -20.323 937.18
12.039 -2.7236 905.9
24.262 -1.7984 894.71
-6.1625 45.466 872.55
4.1222 37.849 879.72
7.6915 31.539 879.94
14.183 16.666 877.48
-6.5071 50.802 868.64
25.32 15.597 876.02
17.817 28.879 866.46
6.4776 -1.3942 906.51
21.624 -15.574 932.39
29.368 8.2214 881.5
27.923 -3.0072 893.34
9.0134 9.2612 893.09
-16.802 14.582 904.19
-18.57 26.408 890.94
-7.943 35.264 884.68
18.301 3.9352 886.8
-3.2735 2.9007 904.72
-3.6452 24.32 891.72
-7.8725 42.471 875.68
-24.306 38.171 885.02
-17.693 38.232 879.93
-3.5967 52.745 869.56
16.615 43.505 857.67
13.453 46.91 856.51
-8.1293 16.585 895.91
1.989 20.965 891.45
-1.0507 53.779 866.28
-8.8333 2.3627 912.42
1.2768 49.729 869.54
13.466 7.7371 891.08
-4.6525 34.843 885.87
6.0674 40.073 873.45
18.805 -11.783 926.76
25.508 -13.325 927.07
19.037 37.149 862.21
-2.0419 33.45 886.3
-2.7571 26.645 891.15
1.3428 58.675 853.05
17.458 6.0599 887.27
22.956 -6.5586 909.93
20.97 24.051 869.86
29.834 0.72243 890.1
11.845 9.5603 891.5
21.555 26.006 868.84
18.103 -7.9822 919.42
-15.51 53.629 864.2
8.6288 0.18663 901.88
25.748 48.092 862.87
17.379 40.27 859.34
1.8655 35.419 883.85
24.06 -8.9718 918.93
18.181 0.76098 892.8
8.3915 32.783 876.27
-0.49482 25.635 890.77
14.78 -14.194 927.82
-23.753 17.458 901.7
-14.41 37.334 881.97
16.616 -11.558 926.32
28.241 -11.219 910.73
27.163 -12.055 917.59
6.7328 11.433 894.16
11.211 2.8765 897.04
15.305 17.83 876.36
-20.203 38.515 882.66
26.76 15.756 876.09
16.426 6.8851 885.34
9.3676 -0.83134 903.67
16.655 -4.9444 912.03
2.3589 23.417 890.32
-15.563 40.143 878.15
24.763 -5.1378 905.33
-25.067 32.205 890.05
3.3991 12.944 895.35
-5.8724 52.841 868.5
-9.2167 55.578 862.17
-9.2412 26.49 890.3
8.8108 36.451 864.63
19.718 2.2972 889.79
-20.891 34.026 884.63
-7.3152 6.0081 903.38
29.896 4.5293 888.83
6.5564 47.197 856.74
17.863 -15.614 934.05
-18.71 55.486 865.66
18.96 38.063 862.32
-9.7704 4.1993 909.88
-22.902 35.195 886.24
-0.10327 55.81 853.64
13.564 39.06 860.04
-4.0484 1.8914 905.29
-13.034 38.335 880.71
18.575 -14.496 932.62
15.306 7.8126 888.04
15.479 -6.7181 916.76
-12.735 42.919 874.06
8.8885 22.356 885.01
-14.194 10.969 902.99
-3.1506 54.929 865.95
-11.047 55.627 862.98
26.515 -11.691 916.96
-20.408 43.243 876.94
-22.579 33.614 884.9
0.71956 53.803 864.07
-3.5271 66.192 852.22
-23.069 40.852 880.52
2.7922 44.856 874.8
-4.1184 58.171 865.12
1.1312 51.434 855.49
-2.554 61.326 855.01
-25.368 40.705 883.1
-9.0273 52.119 864.63
15.598 9.2534 885.96
3.1905 18.078 893.21
3.7243 36.657 879.12
22.835 29.889 868.73
23.946 -7.4422 912.21
21.687 -13.831 928.93
-3.9058 61.276 858.47
-11.984 7.4767 909.75
22.626 32.017 866.64
16.046 7.5668 884.95
1.7694 45.176 861.87
10.855 23.199 878.05
28.348 9.2206 882.35
8.5836 -4.7619 915.49
-4.7331 0.31975 910.83
-14.26 8.9666 907.25
-4.6853 4.1384 903.09
-15.131 34.537 884.66
3.7382 27.95 887.51
21.794 29.944 866.84
30.209 9.9671 885.92
4.8958 12.747 893.66
-0.49752 15.946 895.62
7.4428 7.6952 894.8
12.525 23.376 872.8
2.697 5.8338 900.87
-5.0178 56.322 866.41
-5.1243 -1.2107 914.48
20.638 -5.6747 910
21.45 -7.155 916.21
-6.6781 32.708 886.82
-15.851 12.351 903.04
-22.673 51.232 871.39
-17.972 45.442 873.36
-18.533 42.296 876.61
-20.296 10.159 906.89
-1.4545 11.851 897.68
-6.1567 15.776 895.71
23.877 -4.8819 901.74
4.5427 -2.3341 909.63
-6.0507 4.8139 904.1
13.953 5.4815 889.1
19.338 -0.94179 894.26
0.68675 48.595 862.51
-3.6585 25.334 891.27
3.639 16.892 893.08
12.111 22.747 875.31
-2.0697 16.247 896.32
10.273 0.17914 901.11
-12.904 39.048 879.73
3.5247 -0.64507 908.06
-22.122 25.979 894.63
-3.5106 41.197 880.06
-1.4113 0.037075 906.31
28.009 -2.6159 892.54
26.559 -4.3766 896.07
24.72 3.5984 886.5
-1.7622 15.01 896.82
1.7076 20.003 893.84
-18.548 15.498 902.18
19.892 22.876 869.78
-20.898 45.575 874.5
3.3817 42.199 863.54
25.278 -18.39 937.06
2.2971 58.875 855.2
-1.7818 -7.1535 918.18
-4.4952 14.501 896.2
-3.7671 -4.4533 917.73
0.033511 53.223 868.07
12.298 7.469 892.72
8.9852 33.013 867.34
25.458 -4.6248 901.17
-16.767 24.107 892.41
17.224 -1.1302 897.41
2.4532 3.7048 902.33
-9.6278 52.076 865.26
-10.65 8.7199 902.98
10.734 12.887 889.63
4.5495 41.802 874.92
4.1769 44.432 860.36
-2.0684 46.548 874.98
-11.397 8.0284 904.88
7.6783 36.041 865.26
10.017 25.57 885.09
12.089 -5.7485 916.61
9.9841 24.814 880.56
28.046 -1.3326 890.76
-15.191 56.336 863.48
-0.66033 34.21 885.16
5.5318 31.265 887.46
3.6835 7.727 897.57
-1.3817 58.049 852.72
25.268 -5.7181 906.22
-0.99978 55.591 855.28
23.162 -16.159 936.32
-2.8876 61.665 860.19
-6.7444 52.359 867.38
6.3059 40.562 861.86
-4.1216 56.834 866.94
11.995 16.756 881.7
15.054 2.625 894.17
-9.7131 61.627 859.26
18.087 39.673 860.17
-2.58 59.406 865.63
-19.809 16.73 901.53
-2.5915 56.616 866.39
-17.092 16.643 899.01
2.8729 39.343 880.33
-21.048 24.037 895.09
27.983 13.422 879.51
-17.702 17.887 897.57
-10.288 25.68 890.88
22.711 15.956 875.45
25.967 17.852 874.05
20.56 19.208 873
9.0341 6.4305 895.13
-11.8 23.381 892.04
9.6758 5.0799 896.2
5.6729 19.545 890.77
2.0379 -3.3064 911.54
3.9694 57.861 855.4
-13.931 57.29 862.81
-9.201 14.464 897.76
-2.7352 8.6931 899.73
7.0194 2.9692 899.53
21.031 -4.6778 904.87
-16.556 11.32 905.03
30.242 -12.43 912.64
-3.5397 57.786 862.32
14.986 -4.8081 912.47
1.7537 11.318 896.6
-3.3425 57.368 865.78
16.425 24.794 869.91
24.818 10.375 880.25
7.4773 32.315 882.14
15.6 -0.7616 896.76
20.567 1.1061 890.18
18.298 39.071 864.63
3.7246 10.837 896.47
-1.9897 55.876 856.01
5.8619 41.044 861.83
0.19662 39.282 881.24
-7.3482 40.949 877.83
27.301 -9.5804 910.97
-1.2523 41.156 880.57
16.949 -11.769 926.21
11.315 17.632 886.29
-19.127 17.888 901.37
4.4176 40.243 864.28
25.727 11.92 879.29
21.439 -13.227 928.3
8.6867 2.144 898
10.363 24.896 876.32
27.049 -19.626 930.76
-23.827 39.507 883.15
-27.346 24.681 895.76
13.319 12.617 882.81
10.647 8.1045 891.03
10.294 7.0565 894.16
25.52 -8.0911 912.98
-11.152 59.712 859.29
29.88 8.5554 885.32
-1.2833 22.281 892.96
27.648 -8.6091 906.21
-13.557 60.609 860.85
-18.067 47.889 869.5
6.3989 -7.0843 921.09
6.8299 -3.8556 911.88
23.646 -11.867 922.05
-9.0774 4.1881 908.52
6.4262 14.856 892.07
24.463 -2.9439 895.83
-2.2422 -4.8075 916.99
13.177 15.564 883.51
9.8932 15.963 886.87
17.216 41.165 859.48
15.189 -7.2779 919
17.398 42.547 860.24
-18.614 55.66 866.26
17.641 35.536 863.34
9.009 1.5801 898.67
9.9156 40.783 859.79
20.545 33.737 868.24
6.7701 27.491 883.87
25.357 -9.5025 917.79
18.1 -4.5183 908.65
10.647 -5.9451 917.05
17.104 -14.375 932.15
-1.2089 53.068 854.48
10.262 1.2477 899.32
8.8576 -1.1747 905.13
-3.0821 7.1411 900.05
-6.0931 1.8677 908.13
8.6163 -11.762 926
5.4275 38.58 864.93
-22.337 30.094 887.87
7.2226 34.332 878.28
24.429 -9.6677 914.81
14.093 0.85419 895.16
-5.943 39.39 880.68
-14.897 17.454 896.42
30.266 4.4725 884.31
24.88 28.585 873.03
13.96 10.977 886.95
-3.1527 9.5409 898.78
25.184 -16.934 937.03
17.896 41.401 859.71
1.4327 42.784 876.67
15.725 13.691 880.83
-27.503 36.339 886.95
10.942 27.308 870.91
-0.47078 51.372 871.42
8.822 34.149 865.59
27.102 4.653 885.31
-12.654 23.413 893.16
-5.8934 17.823 894.38
14.153 0.72832 897.36
25.63 -19.915 933.78
12.333 18.55 878.7
-5.7702 45.959 873.13
-20.47 47.614 874.24
23.962 -7.0877 908.8
-6.0474 38.156 881.93
25.003 -13.891 927.81
-17.874 27.827 890.26
-3.8723 35.343 885.62
4.754 40.621 863.35
3.2185 30.722 886.5
-3.329 8.7649 899.26
0.12713 28.806 888.37
5.2958 32.735 884.41
20.988 38.465 862.41
-24.123 24.043 896.48
24.663 22.574 875.55
29.642 -3.9269 893.38
1.3249 26.266 890.86
-9.889 69.858 855.61
-1.5414 1.8712 905.23
5.419 44.804 860.07
5.8335 39.627 863.19
28.274 -0.65887 893.97
0.71426 25.6 889.87
8.8152 20.042 888.33
-20.204 44.863 875.33
-18.884 20.725 895.08
3.7814 40.598 864.85
-5.3099 23.433 891.95
20.23 9.3836 881.68
24.532 9.4501 881.22
25.364 20.646 873.78
3.6823 34.411 883.68
-23.188 45.526 877.12
-25.062 35.218 887.51
14.987 19.941 874.32
1.9081 12.057 895.8
12.538 39.47 861.12
-1.8167 -5.4399 919.76
-1.2815 -0.81592 907.93
-6.7362 56.137 864.66
19.796 13.328 876.75
-14.956 12.645 903.12
2.4476 48.693 857
-6.6198 24.631 891.26
-21.099 41.244 880.41
-25.408 25.271 891.27
5.086 -2.6867 910.68
6.1298 0.70093 903.16
-11.142 4.3443 911.8
-14.839 26.105 891.09
-8.9612 41.387 876.93
-19.293 36.931 881.95
1.991 46.99 866.66
14.211 16.093 882.01
-12.686 39.521 878.9
13.747 7.1733 890.54
26.504 -11.611 922.09
-1.9016 34.322 885.81
7.2609 31.813 882.49
-3.054 9.0098 899.56
-5.2353 1.9819 906.42
-6.7112 41.316 877.63
-13.554 10.607 903.34
18.792 -4.5154 907.33
-10.842 27.629 890.02
8.3479 -0.11562 903.55
-3.9932 17.527 895.39
10.703 -18.006 929.72
-13.739 12.03 902.9
-12.783 5.2501 910.25
15.23 -19.75 931.74
-9.9728 29.404 888.9
24.147 -13.394 923.4
-2.2554 20.245 893.92
-7.9928 29.829 888.61
-8.9698 47.754 869.05
-7.515 49.79 867.64
15.562 20.074 874.37
12.585 46.872 855.09
17.74 13.936 877.12
29.224 11.033 882.42
18.728 -9.0225 921.35
-16.727 50.478 864.15
25.383 -12.117 917.32
24.932 19.258 873.31
-7.1786 18.652 894.28
1.6975 49.717 866.83
-21.762 51.676 868.67
11.188 -17.223 930.09
-24.043 20.943 898.86
7.1321 37.069 864.57
4.5356 -8.5523 923.24
5.9665 34.735 879.51
19.547 32.882 865.36
-17.899 19.282 897.7
11.905 37.769 862.43
9.9263 17.09 886.26
-10.548 3.9712 912.55
-3.2542 4.8285 902.84
8.0923 38.952 861.92
24.183 29.682 868.12
-23.25 47.73 873.9
-0.1497 57.062 853.45
-0.17238 7.3731 900.25
24.86 -9.262 911.22
5.3952 37.624 866.52
-16.928 25.198 891.91
7.7832 35.357 865.81
7.3772 42.355 860.33
21.983 -9.7582 920.93
14.023 -6.245 916.75
16.971 -1.5348 898.73
-2.7143 22.218 892.87
9.6891 -18.618 927.42
-17.568 50.225 864.45
23.634 -14.043 925.99
-2.9837 64.772 861.04
-14.999 48.795 866.38
-23.2 47.422 874.42
-3.6948 7.7407 900.1
7.4799 35.318 866.73
22.731 -3.0777 897.58
16.381 -4.1538 907.13
19.263 -1.7989 895.99
-5.4527 41.763 878.22
-13.817 33.575 885.53
20.8 -19.839 938.61
26.383 -7.5505 906.14
-10.558 64.971 857.59
-15.282 33.612 885.39
16.5 -2.4447 900.42
-1.5915 63.026 857.34
10.702 24.187 876.69
2.3812 -5.6582 919.04
5.204 38.88 875.98
13.908 13.811 881.13
5.8932 24.561 888.56
-7.2716 4.2965 905.66
16.209 17.902 875.39
4.3943 -5.3088 914.95
2.4054 46.783 869.33
-0.88182 62.64 857.68
-7.7725 3.2798 907.35
4.4547 41.621 878.59
