14.273 7.1246 909.18
23.442 12.303 884.54
31.727 17.815 888.08
32.941 14.46 929.24
22.728 23.341 876.05
4.249 7.9802 921
22.181 7.9462 910.23
16.1 8.0559 915.82
-3.2345 55.274 857.77
32.769 10.769 886.64
-10.175 48.316 868.11
-6.0858 40.884 879.36
16.89 42.714 863.58
-2.4144 29.277 888.71
5.889 7.5154 914.39
6.9447 45.257 860.79
27.82 26.841 878.62
27.037 24.57 879.29
-3.8093 58.604 860.01
-15.99 37.582 886.83
-16.415 55.045 864.2
10.63 11.066 894.03
12.261 11.13 893.68
-5.6137 39.445 881.8
6.2156 27.804 887.2
1.0823 53.464 852.52
15.082 49.152 857.29
30.643 12.083 918.27
-13.915 37.827 884.57
-10.493 39.142 881.77
-18.637 42.74 884.82
17.901 9.6939 928.47
-1.6162 20.983 894.22
30.708 5.805 897.59
19.938 34.587 868.38
-10.251 25.674 897.12
16.263 11.406 889.42
21.131 17.261 880.6
8.5931 17.145 891.13
31.577 14.942 886.53
-18.113 43.213 884.46
20.104 6.3465 902.21
8.2983 21.403 890.43
25.589 23.706 877.85
-15.198 36.056 892.56
-10.106 64.485 859.43
-3.1168 27.564 889.95
-1.4535 49.436 872.54
17.58 27.598 872.25
-3.9525 62.575 854.13
6.8904 50.531 855.45
-13.765 35.482 886.81
4.184 12.375 899.86
13.947 16.073 886.91
8.7323 9.1529 902.51
19.858 9.9059 921.75
-9.5338 60.899 860.48
3.9132 59.837 853.84
-4.4421 49.313 870.64
5.3365 10.161 902.47
16.277 9.7014 923.93
31.453 13.35 885.85
27.508 16.351 937.38
-19.256 45.309 883.99
13.329 23.826 881.71
-17.924 46.187 876.56
-8.5734 21.251 903.87
20.357 10.076 928.88
-4.6987 49.541 871.04
2.0981 9.0622 917.87
-17.222 56.728 866.15
19.128 8.5097 931.18
23.26 10.961 929.84
-2.8556 53.006 858.96
-5.2202 11.989 918.42
-11.916 29.62 892.63
-3.2448 62.546 853.44
-20.545 52.988 869.67
11.82 42.254 860.97
-13.87 40.196 883.22
25.264 26.789 875.24
-13.563 29.257 896.88
28.002 16.574 882.6
31.152 6.6283 893.41
34.627 13.3 924.45
3.8827 40.583 880.6
26.507 11.578 885.83
24.147 12.055 927.44
-5.7791 66.67 859.41
29.803 11.214 886.71
7.944 6.9195 911.44
17.4 8.3775 916.08
26.029 11.083 919.29
25.572 13.005 883.96
-16.098 43.561 877.99
12.445 16.548 889.39
12.618 17.962 890.35
9.4321 7.5091 908.32
-6.9846 61.515 862.43
19.867 21.478 876.93
29.904 6.263 899.14
-11.97 47.453 871.47
29.011 14.029 884.9
20.504 21.227 877
-14.193 31.945 892.19
32.164 7.551 894.72
-7.2895 25.664 893.13
21.414 22.595 876.07
-14.181 42.914 877.71
8.6114 35.806 874.28
-6.1061 66.713 860.26
0.38668 35.959 884.53
-17.329 40.516 887.6
-2.322 30.686 887.94
8.7174 7.4372 910.57
18.533 37.648 866.89
20.991 6.0359 896.82
0.84297 38.669 881.15
9.5316 8.3187 925.63
31.922 5.3611 898.83
17.204 12.743 886.51
6.0086 6.4174 924.52
-18.102 60.205 865.69
-16.219 50.606 865.65
-4.2391 26.805 890.49
22.543 27.086 873.35
-1.5333 14.303 902.04
-13.537 49.416 867.13
19.709 8.3534 912.53
30.684 7.3826 904.01
-4.5395 49.021 871.78
-11.985 49.137 866.87
-5.2496 24.239 892.95
30.181 6.3888 896.93
-0.43407 10.468 915.8
-2.6782 29.601 888.7
-2.2166 56.024 854.55
8.0614 7.6436 919.99
-4.8506 48.981 871.62
-6.7471 46.444 870.83
32.469 12.513 919.48
11.858 27.259 877.03
-6.6695 17.249 912.07
15.72 8.1351 917.59
-8.5536 62.657 861.29
-5.261 17.594 911.15
-12.486 27.5 896.51
-4.2658 58.028 856.13
20.672 6.1947 895.89
10.285 26.195 886.38
-16.11 39.537 886.65
-20.074 48.65 877.46
6.9184 42.293 861.86
8.8186 41.119 863.11
14.913 7.0589 904.54
-10.355 66.763 859.12
29.598 7.001 889.1
-15.365 34.191 896.71
17.672 7.5312 908.35
21.031 35.113 869.47
23.802 13.34 935.65
1.3645 23.269 892.59
10.027 44.013 859.61
-18.352 52.551 870.64
4.9651 41.429 867.57
16.124 26.511 873.52
-8.2523 55.574 864.47
-9.0899 24.074 898.79
22.065 18.047 879.28
7.9402 43.985 860.45
4.3382 53.137 851.24
-1.8044 67.666 853.51
-14.076 35.109 887.63
-16.456 60.588 864.74
-0.51871 13.257 902.6
31.588 19.528 939.01
23.958 29.91 873.93
-2.7044 55.483 855.2
-8.7613 23.086 900.29
8.1972 40.099 864.16
-11.694 29.508 893.09
-17.056 41.58 880.89
14.692 39.597 863.55
-10.115 60.776 860.12
9.343 37.908 865.77
-2.3394 52.927 868.48
24.054 8.888 887.22
34.079 8.0004 909.24
-17.205 57.228 866.23
-0.17117 22.631 892.92
22.07 8.7384 888.13
19.817 9.4743 930.98
2.0933 44.446 876.7
7.1271 38.241 879.31
35.075 16.95 932.53
24.34 5.9964 897.84
5.5224 42.962 862
34.661 4.4158 897.61
-19.288 45.847 880.56
6.7803 8.6454 905.08
1.8984 41.094 879.93
1.3404 15.547 898.86
-12.21 41.12 879.94
6.6841 6.6046 924.12
-8.0181 52.637 865.09
20.393 8.314 890.03
-5.5661 25.472 892.06
2.8985 25.007 890.36
27.423 27.425 878.19
-9.0394 26.502 894.81
19.103 23.965 874.88
13.833 30.264 870.71
24.081 13.259 934.52
12.576 33.747 867.23
12.336 24.993 879.39
13.588 25.474 875.4
-0.90155 29.437 888.95
28.313 5.9459 898.45
10.06 50.046 855.48
15.546 14.277 886.2
2.523 48.453 858.56
16.982 41.417 863.02
14.412 7.7207 916.86
16.827 44.879 861.44
26.717 13.433 882.95
-13.646 35.733 887.29
-0.87748 48.107 873.89
35.393 12.601 923.74
9.0328 36.86 866.79
-5.1276 17.395 902.81
1.5331 20.217 895.21
-17.62 39.699 887.09
25.239 15.662 882.22
32.25 7.8119 911.52
-16.054 51.45 864.63
11.577 3.5574 926.22
26.415 12.944 926.67
-5.7106 51.782 868.24
-1.9972 11.355 916.45
1.0141 36.564 884.34
-10.803 23.909 905.63
28.495 6.3611 895.65
-9.0783 57.19 862.47
8.5336 10.113 899.94
0.20993 51.905 865.2
1.3879 9.2417 911.1
-14.626 42.131 879.06
-2.0069 68.4 854.49
-17.181 46.606 874.96
-5.2739 14.721 916.34
12.867 26.803 874.32
30.902 21.321 884.69
14.897 6.7716 902.14
-13.617 42.066 878.58
26.248 26.668 876.66
13.478 7.4159 902.33
-2.073 34.829 885.45
-18.428 49.205 873.17
25.812 10.41 916.33
25.98 6.1688 900.89
16.991 27.581 871.66
9.2987 25.819 884.65
-15.724 41.826 882.84
3.317 48.601 858.08
-15.609 43.657 879.7
10.607 36.469 866.57
11.242 8.7335 924.06
16.221 37.049 865.8
-2.1563 20.288 894.83
-2.0872 28.691 889.12
5.7922 10.418 901.85
8.7428 32.346 882.94
13.072 21.602 885.4
5.6036 42.644 870.93
23.238 30.938 873.61
32.264 5.9541 903.52
-2.7641 38.311 882.57
-3.725 13.115 916.2
-7.3095 42.471 877.2
-3.3163 62.605 856.98
32.681 9.8345 891.45
32.507 19.708 938.25
-3.2206 61.836 862.53
27.439 10.486 887.23
32.599 8.4097 909.89
-7.7796 39.63 881.73
9.0493 27.456 883.81
-0.26002 25.234 891.42
-4.1486 11.596 915.65
25.429 16.7 881.52
2.2126 54.915 854.43
-4.4554 26.524 891.61
-18.807 39.15 887.06
15.396 25.094 874.32
-17.311 51.188 863.59
0.42819 9.6022 914.77
18.294 9.8686 927.48
1.1295 50.043 867.3
-5.3895 51.774 868.76
-13.298 54.217 862.71
20.315 9.3352 918.5
14.975 7.6289 899.11
26.886 16.661 882.28
-1.5154 64.389 852.35
1.189 35.015 883.99
20.089 6.7136 904.85
-1.5093 50.905 858.8
-2.3787 7.387 915.85
2.3332 40.422 879.21
27.631 7.1813 889.97
10.547 35.083 866.97
-4.2364 53.504 867.93
12.98 17.165 887.11
0.40611 49.146 859.63
32.939 15.405 930.99
4.7671 34.242 883.47
-13.696 41.756 879.36
-0.92389 24.89 891.83
-2.3438 18.198 896.99
22.858 33.797 871.77
2.2521 48.654 866.7
-7.6128 31.743 888.53
-14.953 42.548 877.14
4.1451 53.84 853.94
0.5609 9.7104 910.91
-0.0080625 11.354 905.36
-0.24806 57.703 854.35
-8.4179 31.571 888.11
4.6489 39.194 877.32
-3.1887 62.153 857.23
-15.01 57.398 864.5
-4.2765 49.79 870.4
1.3266 58.585 854.84
-19.401 50.883 875.57
3.1145 9.6267 904.52
0.46773 50.157 856.72
14.077 28.802 871.15
28.497 6.4309 900.88
21.006 16.549 879.92
-3.8278 13.821 909.8
33.932 10.134 917.26
-6.4564 18.306 904.37
21.324 29.212 872.44
3.5175 10.625 903.04
-1.1381 57.948 852.95
33.407 11.057 919.43
3.2686 15.641 898.1
-10.571 30.033 891.04
36.876 7.235 907.9
20.131 6.7749 893.75
1.5282 22.653 892.68
13.835 13.635 891.12
0.73558 32.335 886.08
10.482 9.3004 900.15
-11.515 31.135 891.07
30.156 9.9262 916
-12.611 26.707 905.14
-0.25876 41.514 880.67
-11.654 56.041 861.26
16.288 44.059 861.02
7.3668 13.138 896.88
27.186 5.8727 897.78
-10.948 21.501 911.13
-15.038 38.093 887.32
1.3167 49.508 868.06
31.166 6.6289 898.03
14.339 18.469 883.48
1.0354 31.605 886.5
19.769 7.94 910.94
-3.7148 58.062 856.76
31.245 11.441 920.01
30.071 6.8607 905.92
-16.449 45.67 877.55
12.892 24.3 878.94
23.782 7.2569 906.24
6.8106 40.478 876.67
0.82596 40.666 879.68
3.6022 20.259 893.28
16.982 7.2939 899.29
-14.219 45.432 874.28
7.6632 13.218 897.93
10.233 23.134 887.51
17.373 13.592 888.24
12.625 7.2408 914.85
17.89 37.031 866.62
-2.1021 44.48 876.45
20.044 6.7251 894.76
3.9236 9.8252 905.16
28.863 16.931 935.34
32.343 6.4059 891.18
-5.579 46.311 872.71
2.3184 26.131 891.32
-10.856 24.924 906.55
29.788 5.5165 898.26
15.543 26.431 872.34
-9.0995 62.615 861.44
20.117 10.239 928.54
-18.582 46.465 877.18
-10.773 23.716 904.42
10.275 35.496 867.7
-16.612 49.889 870.15
-10.61 36.568 884.19
-16.609 51.005 863.92
-12.019 34.817 887.12
-5.9905 67.388 859.6
5.5092 43.83 861.18
18.696 41.815 866.98
24.94 6.4126 903.29
0.7818 27.537 889.54
-15.257 56.185 863.77
-15.627 32.564 896
-6.8663 45.999 871.5
16.065 16.273 886.79
-13.065 38.773 882.8
8.1486 10.562 899.19
-5.7646 41.681 878.17
15.906 43.762 861.33
15.338 9.4692 895.65
3.5394 15.609 898.02
29.655 16.406 939.83
16.925 6.7302 905.4
28.748 6.5836 893.86
-6.2634 48.033 869.72
3.7252 41.389 877.12
7.5439 35.681 878.02
15.602 22.108 877.09
-6.833 52.565 866.64
26.182 22.042 878.45
17.143 34.823 867.19
11.218 7.2522 906.69
30.129 16.429 934.4
31.354 15.093 884.06
32.44 5.7802 892.67
11.923 14.708 891.92
-10.002 24.538 905.84
-13.54 34.288 888.45
-6.5215 39.42 880.93
21.819 9.9467 886.28
1.4449 10.486 905.65
-1.5722 29.139 889.06
-7.4978 45.535 872.39
-18.852 45.879 882.24
-14.995 43.354 876.58
-4.1352 54.435 867.52
14.782 48.078 857.77
11.813 50.637 856.18
-4.4531 22.816 894.38
3.755 25.613 889.36
-1.8559 55.353 864.71
-2.6721 12.573 916.81
0.36416 52.031 867.46
16.488 13.439 890.21
-3.6026 38.775 882.31
5.2131 43.66 871.37
26.277 13.248 928.67
33.37 15.755 927.07
17.345 42.666 862.96
-1.217 37.337 883
-1.0182 31.215 888.37
0.62341 58.978 853.25
20.637 11.954 886.81
28.708 8.0991 908.66
20.719 30.29 871.4
33.475 8.8731 890.78
14.624 15.072 890.55
20.946 32.263 870.52
24.52 10.77 920.25
-15.163 54.712 864.05
12.992 7.6331 901.2
22.542 53.038 864.22
15.634 45.343 859.68
2.0044 39.062 880.92
30.708 12.117 918.49
22.297 7.5635 891.79
7.9965 37.02 874.54
1.0313 30.094 888.18
22.419 10.38 930.43
-14.86 29.859 903.45
-12.153 42.087 878.29
23.947 12.072 928.66
34.67 6.6103 907.76
34.12 10.207 915.4
9.446 16.762 892.94
15.083 9.3797 896
16.481 23.389 876.26
-16.467 44.529 879.41
27.448 22.312 878.91
19.467 12.565 884.8
13.917 7.2781 903.16
22.19 8.5475 911.98
3.792 27.884 888.09
-13.628 44.444 874.8
30.111 7.544 903.94
-18.138 41.874 887.85
6.1261 18.25 894.04
-6.2567 54.373 866.65
-9.5233 56.202 861.84
-6.5558 31.862 887.22
7.9785 40.971 863.51
23.522 8.8145 889.2
-16.465 41.077 881.52
-2.4212 13.633 904.33
32.795 12.308 890.37
5.3953 50.119 855.99
26.418 15.584 937.8
-17.835 56.628 865.92
17.199 43.467 863
-3.7682 13.784 913.4
-17.596 43.002 883.36
-0.86119 56.459 853.74
12.244 43.901 859.81
0.86051 9.7164 906.49
-11.241 42.643 877.03
26.902 15.63 935.94
18.243 13.474 887.37
21.487 9.2333 917.57
-11.819 46.189 871.08
9.8315 26.944 883.49
-8.196 19.952 904.35
-3.8028 56.206 864.53
-11.183 56.266 862.71
33.378 9.7527 914.86
-17.656 47.912 874.29
-17.565 41.313 882.03
-0.2219 55.42 862.76
-3.6858 64.811 853.71
-18.943 47.046 877.79
2.0002 47.793 872.27
-4.6492 58.965 864.12
0.22851 53.045 855.05
-3.0646 61.004 855.59
-20.013 48.08 880.54
-9.2951 53.416 863.52
18.268 14.814 885.44
5.2596 22.958 891.51
3.4106 40.269 876.49
21.563 36.02 870.61
29.951 8.9925 910.97
29.67 14.904 930.25
-4.3993 61.162 858.7
-5.6255 17.375 913.36
21.084 38.104 868.4
18.977 13.186 884.41
0.85452 47.98 860.44
11.456 28.098 876.91
30.278 16.02 884.7
14.186 8.2159 917.38
0.77297 9.757 913.88
-7.6717 18.87 910.24
-0.023215 11.443 903.73
-12.26 39.974 881.02
4.4884 32.098 885.13
20.601 36.105 868.49
31.962 17.245 888.57
7.4999 17.917 892.25
2.218 21.247 894.07
10.642 13.301 893.62
12.974 28.754 872.18
6.5047 12.298 900.46
-5.497 57.361 865.11
0.8348 9.525 918.92
26.24 8.1316 909.11
27.627 10.7 916.02
-5.131 37.034 883.24
-9.4399 21.838 904.51
-20.396 54.313 870.59
-16.289 48.929 871.04
-16.234 46.685 873.74
-11.895 22.182 910.85
1.8674 17.64 896.64
-2.7488 21.69 894.15
29.054 5.984 900.2
9.5709 7.22 910.71
-1.1991 12.449 905.15
17.296 11.151 888.07
23.743 6.4045 893.11
-0.24803 50.83 861.11
-1.6953 30.068 888.51
5.8025 21.816 891.44
12.687 27.934 874.52
0.8229 21.717 894.83
14.614 7.6344 900.28
-11.27 43.187 876.1
8.3295 8.1255 908.99
-15.269 35.8 893.17
-3.3268 44.376 876.61
3.4792 8.0928 907.42
32.432 5.9546 892.03
31.437 5.0384 894.8
28.068 10.374 887.05
1.2424 20.569 895.48
3.727 24.859 892.02
-11.493 25.723 903.4
19.914 29.098 871.07
-18.452 49.674 872.38
2.4915 45.548 861.94
34.668 20.607 938.82
1.4831 59.434 855.09
4.4989 5.6516 922.97
-1.1732 20.295 894.79
2.5036 7.7577 923.03
-0.8196 55.019 866.26
15.406 13.228 891.77
8.4463 37.772 866.12
30.561 6.3808 899.73
-11.953 31.749 890.15
21.712 6.5838 896.18
6.5664 10.585 902.18
-9.8182 53.412 864.08
-5.365 16.821 904.05
13.009 18.056 888.56
3.7458 45.109 872.56
3.1697 47.562 859.15
-2.4779 49.12 872.08
-5.7346 16.689 906.69
6.9429 40.479 863.94
10.523 30.084 883.75
17.908 8.8736 918.1
10.461 29.455 879.19
32.193 6.7599 890.67
-14.906 56.931 863.76
-0.11659 37.968 881.95
5.8557 35.283 885.27
7.0906 13.558 896.6
-2.0078 58.129 853.22
30.738 7.6232 904.74
-1.7625 56.3 855.25
32.225 20.096 939.25
-3.4164 61.751 860.09
-7.1001 53.855 865.69
5.3499 44.43 860.63
-4.6415 57.903 865.56
13.522 21.832 880.76
18.906 9.1223 893.14
-9.8932 61.141 860.18
16.304 44.871 860.63
-3.1651 60.217 864.57
-12.443 27.308 902.59
-3.2408 57.771 865.02
-10.98 25.735 898.98
2.5193 42.725 877.53
-14.454 33.635 893.78
29.075 20.063 882.34
-11.645 26.93 897.12
-7.2925 31.353 887.93
23.73 22.213 877.21
26.311 24.397 876.82
21.156 25.372 874.36
12.384 12.241 894.03
-8.2311 29.641 889.45
13.23 11.164 895.16
7.3144 24.237 889.08
7.3443 6.7739 913.47
3.0355 58.774 855.11
-13.795 57.66 863.15
-5.0236 21.221 896.84
1.1273 15.015 899.26
10.975 9.542 898.72
26.279 6.7063 903.56
-9.6548 21.458 907.38
36.912 7.6613 909.27
-4.1619 58.458 861.66
20.492 8.3924 912.7
4.8186 16.856 895.42
-3.9344 58.349 864.57
16.429 30.629 870.28
26.778 16.754 881.99
7.3433 36.354 880.16
20.01 6.5056 895.47
24.561 7.8347 889.52
16.528 44.225 865.09
6.7245 16.369 895.34
-2.7173 56.495 855.98
4.9037 44.805 860.56
0.13579 42.613 878.08
-6.8334 44.229 874.34
33.534 7.7325 908.66
-1.2854 44.327 877.29
24.3 11.997 928.37
12.82 22.569 885.27
-12.044 28.099 902.08
3.5719 43.923 862.66
27.304 18.369 881.43
29.293 14.699 929.66
12.689 8.611 896.93
10.742 29.776 875.09
35.887 15.517 929.14
-18.938 46.549 880.35
-18.108 37.321 895.64
15.463 17.887 882.04
13.65 13.537 889.84
13.517 12.816 893.1
31.671 9.497 911.53
-11.311 59.42 860.21
31.899 15.76 887.74
0.76097 27.096 890.7
33.508 5.9051 903.82
-13.467 60.307 861.95
-16.853 50.603 868.04
12.662 8.5655 924.95
12.108 7.0553 913.11
30.857 12.028 921.48
-3.3395 13.308 911.45
8.6453 19.85 890.63
29.16 5.8617 894.73
3.8416 7.2095 921.6
14.871 20.722 882.77
11.692 20.876 885.6
15.429 46.102 859.75
21.415 9.9804 920.36
15.505 47.312 860.45
-17.696 56.847 866.39
16.235 41.048 863.85
13.101 8.241 897.64
8.7525 45.026 859.07
19.061 39.425 869.38
7.2038 31.734 881.86
32.004 11.482 916.76
23.439 7.7093 907.96
16.495 8.5297 918.87
25.312 14.571 935.75
-1.983 54.116 854.4
14.413 8.2035 898.36
13.503 7.3322 904.87
0.97167 13.614 899.72
-0.73387 10.576 910.5
15.71 8.3734 930.28
4.629 42.535 863.35
-16.744 38.559 885.28
6.8113 38.313 876.26
30.879 9.0086 913.25
18.229 7.4868 893.91
-5.3414 42.842 877.05
-9.7661 25.4 895.42
32.969 11.688 886.29
23.643 34.738 875.44
16.4 16.367 886.24
0.61758 15.724 898.09
34.455 21.412 939.36
16.022 46.37 860.07
0.88941 45.834 873.85
17.599 19.17 880.62
-20.398 45.92 884.77
10.94 32.464 869.97
-1.2071 53.449 869.14
8.1862 38.883 864.44
30.079 11.59 886.57
-8.7672 29.99 890.76
-2.7898 23.472 892.45
18.346 7.8112 896.25
34.771 17.099 933.53
13.543 23.72 877.88
-5.8921 48.49 870.27
-18.205 51.286 872.25
29.739 7.3896 907.2
-5.2818 41.769 878.25
32.98 15.705 927.94
-13.209 35.265 887.5
-2.9752 39.175 882.1
3.8708 44.304 861.85
3.7208 34.694 883.92
0.55853 15.068 898.71
1.1759 32.963 885.54
5.3696 36.629 882.05
18.966 44.007 863.48
-16.106 35.251 895.96
24.402 28.822 877.93
34.219 5.2503 892.68
2.6216 30.63 888.45
-9.6675 67.953 858.11
3.1429 9.5471 906.09
4.3337 48.001 858.96
4.9506 43.541 861.8
32.393 8.216 893.86
2.0648 29.972 887.34
10.153 24.755 886.95
-17.779 49.045 872.96
-12.916 29.695 893.9
2.9507 44.165 863.14
-2.9201 28.507 889.31
22.674 15.334 882.2
26.706 15.82 882.75
25.291 27.093 876.41
3.7222 38.15 881.02
-19.761 50.509 874.95
-18.744 44.049 884.97
15.83 25.547 874.23
4.8444 17.468 894.5
11.257 44.118 860.68
4.5314 7.8448 925.31
3.7687 7.7395 909.46
-7.142 56.985 863.72
21.501 19.33 877.63
-8.7931 21.836 904.43
1.4712 50.945 856.23
-4.1752 29.765 888.43
-17.568 46.825 877.43
-17.905 36.076 889.97
10.2 7.353 911.95
10.498 8.1776 902.84
-4.655 14.7 916.3
-10.812 32.862 888.31
-8.3113 44.686 873.5
-15.857 42.822 878.65
1.0276 49.604 864.8
15.768 21.345 881.51
-11.196 43.519 875.33
16.844 12.877 889.65
33.752 13.552 921.14
-1.1808 38.129 882.49
7.1979 35.863 880.48
0.802 15.319 899.05
-0.12288 10.173 908.12
-6.3071 44.518 874.17
-7.6626 19.473 904.76
24.084 7.3094 906.41
-7.9395 33.205 886.85
12.807 7.7641 903.13
-1.048 23.033 893.65
18.657 7.0111 933.24
-7.9049 20.822 904.03
-6.1246 15.551 914.44
23.705 9.5455 933.99
-7.4622 34.593 885.52
31.645 12.185 922.57
0.14056 25.311 891.84
-5.8988 34.642 885.2
-9.0089 49.909 866.86
-7.7869 51.609 865.76
16.356 25.712 874.42
11.053 50.482 854.74
19.454 19.744 877.51
30.734 17.907 885.18
25.431 11.473 922.35
-16.226 52.11 863.83
32.304 9.2183 915.29
25.126 25.735 875.84
-3.9504 24.45 892.28
0.7126 51.992 865.04
-20.045 54.139 868.33
19.149 8.0717 933.82
-15.569 32.765 899.32
6.3481 41.37 863.22
11.128 8.0303 928.16
5.6431 38.583 877.24
18.23 38.71 866.36
-11.809 28.34 897.11
10.783 42.522 861.87
11.553 21.955 884.98
-4.0904 14.432 917.25
1.1863 11.917 903.23
7.1344 43.206 860.87
22.767 35.972 870.38
-20.392 51.873 872.39
-0.8703 57.489 853.65
3.6211 13.682 899.81
31.056 7.2744 909.2
4.6655 41.632 864.81
-12.185 32.748 889.49
7.098 39.855 864.47
6.2798 46.105 859.31
28.828 12.021 921.03
19.943 9.1328 917.88
21.545 6.5056 897.51
-0.50541 27.142 890.51
17.412 4.4981 930.17
-16.933 51.981 864.17
31.413 13.474 925.79
-3.3522 64.591 861.08
-14.528 50.812 865.21
-20.263 51.686 872.8
0.37316 14.253 899.8
6.8143 39.746 865.29
27.519 5.8955 896.31
21.572 6.909 906.36
23.833 5.9763 894.71
-5.1809 44.89 874.77
-11.096 38.9 881.87
30.329 18.18 941.89
32.104 6.3689 904.1
-10.574 63.831 859.33
-12.241 39.248 881.8
21.241 6.0596 899.15
-2.097 62.804 857.61
11.161 29.106 875.53
8.4393 7.8787 923.26
4.5395 42.452 873.66
15.827 19.135 880.53
6.873 28.948 886.65
-2.0927 12.454 907.36
17.322 23.596 875.55
10.036 6.6672 917.33
1.4551 49.476 867.24
-1.4422 62.571 857.81
-2.3175 11.943 909.7
3.788 44.918 876.06
